Best 29-1 board of 15 boards.
1 0 0 0 0 0 
0 0 0 0 0 0 
0 0 0 0 0 0 
0 0 0 0 0 0 
0 0 0 0 0 0 
14592

Best 28-2 board of 225 boards.
1 0 0 0 0 0 
1 0 0 0 0 0 
0 0 0 0 0 0 
0 0 0 0 0 0 
0 0 0 0 0 0 
14136

Best 27-3 board of 2030 boards.
1 0 0 0 0 0 
1 0 0 0 0 0 
1 0 0 0 0 0 
0 0 0 0 0 0 
0 0 0 0 0 0 
17100

Best 26-4 board of 13755 boards.
0 1 0 0 0 0 
0 1 0 0 0 0 
0 1 0 0 0 0 
1 0 0 0 0 0 
0 0 0 0 0 0 
21888

Best 25-5 board of 71253 boards.
0 0 0 0 1 0 
1 1 1 1 0 0 
0 0 0 0 0 0 
0 0 0 0 0 0 
0 0 0 0 0 0 
25194

Best 24-6 board of 297115 boards.
0 0 0 0 0 0 
0 0 0 1 1 1 
1 1 1 0 0 0 
0 0 0 0 0 0 
0 0 0 0 0 0 
35280

Best 23-7 board of 1017900 boards.
0 0 0 0 0 0 
0 0 1 0 1 1 
1 1 0 1 0 0 
0 0 1 0 0 0 
0 0 0 0 0 0 
48160

Best 22-8 board of 2927145 boards.
0 0 0 0 0 0 
1 0 1 0 1 1 
1 1 0 1 0 0 
0 0 1 0 0 0 
0 0 0 0 0 0 
48160

Best 21-9 board of 7153575 boards.
0 0 0 0 0 0 
1 0 0 1 0 1 
0 1 1 0 1 0 
0 1 1 1 0 0 
0 0 0 0 0 0 
52668

Best 20-10 board of 15024009 boards.
0 0 0 0 0 0 
1 0 0 1 0 0 
1 1 1 0 1 1 
0 0 0 0 0 0 
0 1 1 1 0 0 
53946

Best 19-11 board of 27313650 boards.
1 1 1 0 0 1 
0 0 0 0 0 0 
1 0 0 1 1 0 
1 1 1 0 0 1 
0 0 0 0 0 0 
61880

Best 18-12 board of 43249115 boards.
1 1 1 0 0 1 
0 0 0 0 0 0 
1 1 0 1 1 0 
1 1 1 0 0 1 
0 0 0 0 0 0 
50400

Best 17-13 board of 59879925 boards.
1 1 0 0 0 0 
1 0 0 1 0 1 
1 1 1 0 1 1 
0 0 0 0 0 0 
0 1 1 1 0 0 
46620

Best 16-14 board of 72714555 boards.
1 1 0 0 1 1 
1 1 0 0 0 0 
1 0 1 1 1 1 
0 0 0 0 0 0 
0 1 1 1 0 0 
46620

Best 15-15 board of 77575144 boards.
1 1 1 0 0 1 
0 0 0 0 0 0 
1 1 0 1 1 1 
1 0 1 1 0 1 
1 1 0 0 0 0 
39520

Best 14-16 board of 72714555 boards.
0 0 1 0 0 1 
0 1 0 1 1 1 
1 1 0 0 0 0 
1 0 1 1 1 0 
1 1 0 0 1 1 
39520

Best 13-17 board of 59879925 boards.
0 1 0 1 0 1 
1 0 1 1 0 1 
0 1 0 0 1 0 
0 0 1 1 1 1 
0 1 1 0 1 1 
31730

Best 12-18 board of 43249115 boards.
1 1 0 1 1 0 
0 1 1 1 0 0 
1 0 1 0 1 0 
1 1 0 0 1 1 
1 0 1 1 1 0 
26334

Best 11-19 board of 27313650 boards.
0 0 1 0 1 1 
0 1 1 0 1 1 
1 1 0 1 0 1 
1 0 1 1 1 0 
1 1 0 1 1 0 
24890

Best 10-20 board of 15024009 boards.
1 1 0 1 0 0 
0 1 1 1 0 1 
1 0 1 0 1 1 
1 1 0 0 1 1 
1 0 1 1 1 1 
22401

Best 9-21 board of 7153575 boards.
1 1 1 0 1 1 
0 1 0 1 1 1 
1 0 1 1 0 0 
1 1 1 0 1 1 
1 0 0 1 1 1 
15400

Best 8-22 board of 2927145 boards.
0 0 1 0 1 1 
0 1 1 0 1 1 
1 1 0 1 1 1 
1 0 1 1 1 1 
1 1 0 1 1 1 
12320

Best 7-23 board of 1017900 boards.
1 1 0 1 1 1 
1 1 1 0 1 0 
0 0 1 1 0 1 
1 1 0 1 1 1 
1 1 1 1 1 1 
10170

Best 6-24 board of 297115 boards.
0 1 1 1 0 1 
1 1 0 0 1 1 
1 0 1 1 1 0 
1 1 1 1 1 1 
1 1 1 1 1 1 
6156

Best 5-25 board of 71253 boards.
1 0 1 1 1 1 
1 0 1 1 1 1 
1 0 1 1 1 1 
0 0 1 1 1 1 
1 1 1 1 1 1 
4620

Best 4-26 board of 13755 boards.
0 1 1 1 1 1 
0 1 1 1 1 1 
0 1 1 1 1 1 
0 1 1 1 1 1 
1 1 1 1 1 1 
3850

Best 3-27 board of 2030 boards.
0 1 1 1 1 1 
0 1 1 1 1 1 
0 1 1 1 1 1 
1 1 1 1 1 1 
1 1 1 1 1 1 
1800

Run complete!
Boards considered: 536903680
Elapsed time: 26 minutes
